Contingence entre 'Manufacturer' et 'Model':
Model         718 Cayman  911  Cayenne  Fiesta  Focus  Golf   M5  Mondeo  Passat  Polo  Prius  RAV4   X3  Yaris   Z4
Manufacturer                                                                                                        
BMW                    0    0        0       0      0     0  169       0       0     0      0     0  154      0  195
Ford                   0    0        0     473    497     0    0     501       0     0      0     0    0      0    0
Porsche              107   88       82       0      0     0    0       0       0     0      0     0    0      0    0
Toyota                 0    0        0       0      0     0    0       0       0     0    371   447    0    426    0
VW                     0    0        0       0      0   498    0       0     463   529      0     0    0      0    0

Contingence entre 'Manufacturer' et 'Engine size':
Engine size   1.0  1.2  1.4  1.6  1.8  2.0  2.2  2.4  2.6  3.0  3.5  4.0  4.4  5.0
Manufacturer                                                                      
BMW             0    0    0    0    0  100   44  110    0   95    0   52   59   58
Ford          250  179  365  224  226  227    0    0    0    0    0    0    0    0
Porsche         0    0    0    0    0   41   26   35   44   39   38   54    0    0
Toyota        235  152  295    0  235  110  107  110    0    0    0    0    0    0
VW            105  183  315  352  216  319    0    0    0    0    0    0    0    0

Contingence entre 'Manufacturer' et 'Fuel type':
Fuel type     Diesel  Hybrid  Petrol
Manufacturer                        
BMW              122       0     396
Ford             553      97     821
Porsche           25       0     252
Toyota             0     957     287
VW               566      46     878

Contingence entre 'Manufacturer' et 'Year of manufacture':
Year of manufacture  1984  1985  1986  1987  1988  1989  1990  1991  1992  1993  1994  1995  1996  1997  1998  1999  2000  2001  2002  2003  2004  2005  2006  2007  2008  2009  2010  2011  2012  2013  2014  2015  2016  2017  2018  2019  2020  2021  2022
Manufacturer                                                                                                                                                                                                                                                 
BMW                     3     5     6     8     5    11    11    13    15     9    21    14    17    25    16    11    12     8    11    19    20    16    11    15     8    16    19    20    20    15    18    18    15    18    17    12     9     4     7
Ford                    1    15    13    17    17    19    18    34    49    48    32    45    48    35    54    37    56    56    48    31    48    39    56    44    43    59    43    43    48    52    45    47    51    43    49    32    28    16    12
Porsche                 1     0     0     5     4     3     1     9    10     8     3    10     5    10     8     8     7    15     8    12     7    13     9    11     5    17     5     7     7     8    11    10     7     6     8     5     6     4     4
Toyota                  4    11    18    13    14    21    24    29    36    36    28    46    31    45    30    27    46    36    35    41    39    36    43    44    27    41    46    33    38    38    40    39    52    39    41    25    25    15    12
VW                      7    12    11    14    19    25    38    55    42    52    41    58    37    53    42    44    56    55    53    45    44    50    48    46    52    38    46    46    45    41    37    45    36    35    45    38    22    12     5

Contingence entre 'Model' et 'Engine size':
Engine size  1.0  1.2  1.4  1.6  1.8  2.0  2.2  2.4  2.6  3.0  3.5  4.0  4.4  5.0
Model                                                                            
718 Cayman     0    0    0    0    0   41    0   35    0    0    0   31    0    0
911            0    0    0    0    0    0   26    0   24   15   23    0    0    0
Cayenne        0    0    0    0    0    0    0    0   20   24   15   23    0    0
Fiesta       157  179  137    0    0    0    0    0    0    0    0    0    0    0
Focus         93    0  105   96   99  104    0    0    0    0    0    0    0    0
Golf           0   85  104  114  104   91    0    0    0    0    0    0    0    0
M5             0    0    0    0    0    0    0    0    0    0    0   52   59   58
Mondeo         0    0  123  128  127  123    0    0    0    0    0    0    0    0
Passat         0    0  116  123  112  112    0    0    0    0    0    0    0    0
Polo         105   98   95  115    0  116    0    0    0    0    0    0    0    0
Prius        122    0  134    0  115    0    0    0    0    0    0    0    0    0
RAV4           0    0    0    0  120  110  107  110    0    0    0    0    0    0
X3             0    0    0    0    0   48    0   54    0   52    0    0    0    0
Yaris        113  152  161    0    0    0    0    0    0    0    0    0    0    0
Z4             0    0    0    0    0   52   44   56    0   43    0    0    0    0

Contingence entre 'Model' et 'Fuel type':
Fuel type   Diesel  Hybrid  Petrol
Model                             
718 Cayman       0       0     107
911              0       0      88
Cayenne         25       0      57
Fiesta          17      23     433
Focus          134      27     336
Golf           148      46     304
M5               0       0     169
Mondeo         402      47      52
Passat         364       0      99
Polo            54       0     475
Prius            0     371       0
RAV4             0     367      80
X3             122       0      32
Yaris            0     219     207
Z4               0       0     195

Contingence entre 'Model' et 'Year of manufacture':
Year of manufacture  1984  1985  1986  1987  1988  1989  1990  1991  1992  1993  1994  1995  1996  1997  1998  1999  2000  2001  2002  2003  2004  2005  2006  2007  2008  2009  2010  2011  2012  2013  2014  2015  2016  2017  2018  2019  2020  2021  2022
Model                                                                                                                                                                                                                                                        
718 Cayman              1     0     0     0     2     2     0     3     7     2     2     4     0     3     2     3     1     4     4     4     3     5     3     5     3     9     2     1     4     4     4     1     3     4     4     3     2     2     1
911                     0     0     0     4     2     1     1     3     1     3     0     4     5     3     3     2     2     8     1     4     3     4     1     3     0     4     1     4     0     1     5     3     3     1     3     1     2     0     2
Cayenne                 0     0     0     1     0     0     0     3     2     3     1     2     0     4     3     3     4     3     3     4     1     4     5     3     2     4     2     2     3     3     2     6     1     1     1     1     2     2     1
Fiesta                  0     5     6     7     7     5     5     8    22    15     8    11     9    12    13    13    18    20    19     5    15     9    15    12    15    25    19    17    16    20    14    11    18    14    17     7    11     6     4
Focus                   1     7     4     4     5     6     9    14    15    21     9    21    18    11    15    11    17    18    16    13    16    17    20    16    14    12    15    13    12    22    13    19    16    17    15    10     7     5     3
Golf                    0     3     3     5     7    13     9    17    17    19    15    15    20    20    13    12    17    14    20    16    15    15    12    16    15    17    12    12    16    14    15    13    12    13    19    14     7     5     1
M5                      2     1     1     4     1     6     0     5     7     1     8     4     6     7     6     3     4     0     7     8     4     6     4     6     4     3     4     9     8     6     4     6     4     6     6     3     4     1     0
Mondeo                  0     3     3     6     5     8     4    12    12    12    15    13    21    12    26    13    21    18    13    13    17    13    21    16    14    22     9    13    20    10    18    17    17    12    17    15    10     5     5
Passat                  2     7     1     3     4     4    15    18    13    16    12    17    10    15    12    19    17    15    22    13    14    19    19    14    19    13    17    16    11    12     8    16    10     8     9    15     5     1     2
Polo                    5     2     7     6     8     8    14    20    12    17    14    26     7    18    17    13    22    26    11    16    15    16    17    16    18     8    17    18    18    15    14    16    14    14    17     9    10     6     2
Prius                   3     6     5     2     3     5     7    15    10    11    11    15     8    16     9    11    12     5    11    14    12    12    16    12     7     7    12     8    12    13    11    16    16    11     7     8     6     3     3
RAV4                    0     2     6     5     7     9     7     7    12    13     7    19    11    18     9     8    25    14    10    14    12    11    15    16     8    21    17    15    11     9    19    15    15    16    16     7    10     6     5
X3                      1     3     3     2     3     3     6     3     4     2     7     5     5     5     4     5     2     4     1     4     5     4     5     4     2     6     5     4     7     5     6     6     5     3     6     4     3     1     1
Yaris                   1     3     7     6     4     7    10     7    14    12    10    12    12    11    12     8     9    17    14    13    15    13    12    16    12    13    17    10    15    16    10     8    21    12    18    10     9     6     4
Z4                      0     1     2     2     1     2     5     5     4     6     6     5     6    13     6     3     6     4     3     7    11     6     2     5     2     7    10     7     5     4     8     6     6     9     5     5     2     2     6

Contingence entre 'Engine size' et 'Fuel type':
Fuel type    Diesel  Hybrid  Petrol
Engine size                        
1.0              42     190     358
1.2              43     100     371
1.4             262     247     466
1.6             263      34     279
1.8             243     241     193
2.0             304     110     383
2.2               0      88      89
2.4              44      90     121
2.6              12       0      32
3.0              44       0      90
3.5               3       0      35
4.0               6       0     100
4.4               0       0      59
5.0               0       0      58

Contingence entre 'Engine size' et 'Year of manufacture':
Year of manufacture  1984  1985  1986  1987  1988  1989  1990  1991  1992  1993  1994  1995  1996  1997  1998  1999  2000  2001  2002  2003  2004  2005  2006  2007  2008  2009  2010  2011  2012  2013  2014  2015  2016  2017  2018  2019  2020  2021  2022
Engine size                                                                                                                                                                                                                                                  
1.0                     3     2     6     6     7     2    14    10    16    23    12    17    14    16    16    17    28    17    21    10    23    20    23    25    18    25    22    17    17    27    14    24    16    14    19    10     9     6     4
1.2                     1     9     7     9     8    12     8    12    19     8    10    11    11    11    14    13    20    24    18    20    17    13    10    17    13    17    21    14    21    14    13     8    22    15    17    13     9     9     6
1.4                     4     9     9    13     6    16    17    32    28    34    22    32    31    35    36    17    26    34    32    25    29    28    33    25    29    30    27    32    28    33    24    34    33    32    36    26    20    12     6
1.6                     1     5     5     4     8    12    10    15    19    14    20    24    18    16    16    22    18    25    16    14    16    14    28    22    15    15    17    15    20    24    15    17    22    11    21     8    10     2     2
1.8                     1     8     4     3     4     6     9    23    15    25    22    25    16    30    19    20    27    18    24    18    18    27    27    22    18    23    21    23    20    20    30    24    14    20    20    16     9     6     2
2.0                     2     7     7     6    13    14    24    26    32    28    16    38    22    21    24    21    34    27    25    26    24    20    21    21    26    32    24    19    24    14    23    22    25    20    17    22    15     7     8
2.2                     0     1     1     4     3     6     3     3     3     5     2     8     5     9     4     4     5     7     3     5     7     6     3     6     1     6     4     5     5     5    11     4     8     6     7     5     3     1     3
2.4                     2     1     5     5     7     5     2     4     8     6     5     5     7    17     6     4     7     8     4    11    10     9    10     7     8     9    12     5     4     4     3     8    10    10     7     6     4     4     6
2.6                     0     0     0     0     0     0     0     0     0     1     1     0     1     0     3     1     1     5     1     4     3     2     2     1     1     1     0     1     1     0     3     3     1     2     2     1     1     0     1
3.0                     0     0     3     1     1     0     5     4     1     3     6     5     5     3     4     0     4     4     1     4     4     4     4     4     2     6     5     7     6     4     8     6     4     4     6     2     2     1     1
3.5                     0     0     0     2     0     0     0     2     1     3     0     2     2     1     2     2     2     1     1     3     0     3     1     0     0     1     0     2     0     0     1     2     0     0     0     0     3     1     0
4.0                     1     0     0     2     2     1     0     5     5     3     3     3     1     3     2     4     3     0     3     3     3     3     2     6     1     5     3     3     8     5     4     3     3     4     4     0     3     1     1
4.4                     1     0     0     1     0     1     0     2     2     0     2     1     3     5     1     1     1     0     4     3     3     2     3     2     3     1     3     1     2     2     0     2     1     1     2     2     0     1     0
5.0                     0     1     1     1     0     4     0     2     3     0     4     2     2     1     3     1     1     0     2     2     1     3     0     2     0     0     0     5     2     2     2     2     2     2     2     1     2     0     0

Contingence entre 'Fuel type' et 'Year of manufacture':
Year of manufacture  1984  1985  1986  1987  1988  1989  1990  1991  1992  1993  1994  1995  1996  1997  1998  1999  2000  2001  2002  2003  2004  2005  2006  2007  2008  2009  2010  2011  2012  2013  2014  2015  2016  2017  2018  2019  2020  2021  2022
Fuel type                                                                                                                                                                                                                                                    
Diesel                  3    14    10     8    14    21    23    30    32    39    41    29    45    40    57    34    51    40    39    32    36    36    49    38    41    49    37    39    38    31    41    45    42    34    39    31    21     8     9
Hybrid                  4    11    14    14    12    15    21    26    34    36    26    42    28    41    26    29    49    35    33    33    28    32    43    35    19    38    37    27    30    34    35    37    43    33    36    21    20    11    12
Petrol                  9    18    24    35    33    43    48    84    86    78    58   102    65    87    67    64    77    95    83    83    94    86    75    87    75    84    85    83    90    89    75    77    76    74    85    60    49    32    19

